000000000000000000000000000000000000000000000000000000000000000000000000000000000000000000
000000000000000000000000000000000000000000000000000000000000000000000000000000000000000000
001011010110101101011010110101101011010111011110111101111011110111101111011140000000000000
001000000000000000000000000000000000000000000000000000000000000000000000000000000000000000
001000000000000000000000000000000000000000000000000000000000000000000000000010000000000000
001000000000000000000000000000000000000000000000000000000000000000000000000050000000000000
001000000000000000000000000000000000000000000000000000000000000000000000000000000000000000
001000000000000000000000000000000000000000000000000000000000000000000000000050000000000000
001000000000000000000000000000000000000000000000000000000000000000000000000000000000000000
001000000000000000000000000000000000000000000000000000000000000000000000000030000000000000
001000000000000000000000000000000000000000000000000000000000000000000000000050000000000000
001000000000000000000000000000000000000000000000000000000000000000000000000000000000000000
001000000000000000000000000000000000000000000000000000000000000000000000000010000000000000
001000000000000000000000000000000000000000000000000000000000000000000000000000000000000000
001000000000000000000000000000000000000000000000000000000000000000000000000010000000000000
001000000000000000000000000000000000000000000000000000000000000000000000000020000000000000
001000000000000000000000000000000000000000000000000000000000000000000000000000000000000000
001000000000000000000000000000000000000000000000000000000000000000000000000010000000000000
001000000000000000000000000000000000000000000000000000000000000000000000000000000000000000
001000000000000000000000000000000000000000000000000000000000000000000000000030000000000000
001000000000000000000000000000000000000000000000000000000000000000000000000010000000000000
001000000000000000000000000000000000000000000000000000000000000000000000000030000000000000
001000000000000000000000000000000000000000000000000000000000000000000000000020000000000000
001000000000000000000000000000000000000000000000000000000000000000000000000020000000000000
000000000000000000000000000000000000000000000000000000000000000000000000000000000000000000
001000000000000000000000000000000000000000000000000000000000000000000000000050000000000000
001000000000000000000000000000000000000000000000000000000000000000000000000040000000000000
001000000000000000000000000000000000000000000000000000000000000000000000000020000000000000
001000000000000000000000000000000000000000000000000000000000000000000000000030000000000000
000000000000000000000000000000000000000000000000000000000000000000000000000000000000000000
001000000000000000000000000000000000000000000000000000000000000000000000000040000000000000
001000000000000000000000000000000000000000000000000000000000000000000000000060000000000000
001000000000000000000000000000000000000000000000000000000000000000000000000000000000000000
001000000000000000000000000000000000000000000000000000000000000000000000000070000000000000
001000000000000000000000000000000000000000000000000000000000000000000000000000000000000000
001000000000000000000000000000000000000000000000000000000000000000000000000030000000000000
001000000000000000000000000000000000000000000000000000000000000000000000000030000000000000
001000000000000000000000000000000000000000000000000000000000000000000000000030000000000000
001000000000000000000000000000000000000000000000000000000000000000000000000010000000000000
000000000000000000000000000000000000000000000000000000000000000000000000000000000000000000
001000000000000000000000000000000000000000000000000000000000000000000000000010000000000000
001000000000000000000000000000000000000000000000000000000000000000000000000010000000000000
001000000000000000000000000000000000000000000000000000000000000000000000000010000000000000
001000000000000000000000000000000000000000000000000000000000000000000000000030000000000000
001000000000000000000000000000000000000000000000000000000000000000000000000020000000000000
001000000000000000000000000000000000000000000000000000000000000000000000000030000000000000
001000000000000000000000000000000000000000000000000000000000000000000000000020000000000000
001000000000000000000000000000000000000000000000000000000000000000000000000000000000000000
001000000000000000000000000000000000000000000000000000000000000000000000000020000000000000
001000000000000000000000000000000000000000000000000000000000000000000000000000000000000000
001000000000000000000000000000000000000000000000000000000000000000000000000030000000000000
001000000000000000000000000000000000000000000000000000000000000000000000000020000000000000
001000000000000000000000000000000000000000000000000000000000000000000000000030000000000000
001000000000000000000000000000000000000000000000000000000000000000000000000040000000000000
000000000000000000000000000000000000000000000000000000000000000000000000000000000000000000
001000000000000000000000000000000000000000000000000000000000000000000000000040000000000000
001000000000000000000000000000000000000000000000000000000000000000000000000040000000000000
001000000000000000000000000000000000000000000000000000000000000000000000000020000000000000
001000000000000000000000000000000000000000000000000000000000000000000000000030000000000000
000000000000000000000000000000000000000000000000000000000000000000000000000000000000000000
001000000000000000000000000000000000000000000000000000000000000000000000000020000000000000
001000000000000000000000000000000000000000000000000000000000000000000000000000000000000000
001000000000000000000000000000000000000000000000000000000000000000000000000040000000000000
001000000000000000000000000000000000000000000000000000000000000000000000000000000000000000
001000000000000000000000000000000000000000000000000000000000000000000000000050000000000000
001000000000000000000000000000000000000000000000000000000000000000000000000060000000000000
001000000000000000000000000000000000000000000000000000000000000000000000000000000000000000
001000000000000000000000000000000000000000000000000000000000000000000000000060000000000000
001000000000000000000000000000000000000000000000000000000000000000000000000000000000000000
001000000000000000000000000000000000000000000000000000000000000000000000000030000000000000
001000000000000000000000000000000000000000000000000000000000000000000000000010000000000000
001000000000000000000000000000000000000000000000000000000000000000000000000000000000000000
003000000000000000000000000000000000000000000000000000000000000000000000000020000000000000
001000000000000000000000000000000000000000000000000000000000000000000000000000000000000000
001000000000000000000000000000000000000000000000000000000000000000000000000030000000000000
001000000000000000000000000000000000000000000000000000000000000000000000000030000000000000
002000000000000000000000000000000000000000000000000000000000000000000000000000000000000000
00507501206404021204023010083010099090690503115022220314301452011120323104124052310000000000000
000000000000000000000000000000000000000000000000000000000000000000000000000000000000000000
000000000000000000000000000000000000000000000000000000000000000000000000000000000000000000
000000000000000000000000000000000000000000000000000000000000000000000000000000000000000000
000000000000000000000000000000000000000000000000000000000000000000000000000000000000000000
000000000000000000000000000000000000000000000000000000000000000000000000000000000000000000
000000000000000000000000000000000000000000000000000000000000000000000000000000000000000000
000000000000000000000000000000000000000000000000000000000000000000000000000000000000000000
000000000000000000000000000000000000000000000000000000000000000000000000000000000000000000
000000000000000000000000000000000000000000000000000000000000000000000000000000000000000000
000000000000000000000000000000000000000000000000000000000000000000000000000000000000000000
000000000000000000000000000000000000000000000000000000000000000000000000000000000000000000
000000000000000000000000000000000000000000000000000000000000000000000000000000000000000000
